-0.08351384950018088
-0.11036010391332912
0.09020328328857836
0.12647186728752435
0.09894776433671247
0.06379588313618428
0.16336823442939297
-0.06401798504634415
-0.23490082453634425
0.036746079706433746
-0.0594942386013594
-0.18507103733092192
-0.026789802906834664
0.01865117764722877
-0.06969209166793347
-0.13182091466669738
0.03353641324914991
0.26309970039409575
-0.04353523498491238
0.0678107119057865
0.09977324952280325
0.10190839826949895
0.21158823678030722
0.012177701226442579
-0.11240055196572837
-0.04145875303155126
0.04122034608212376
-0.007593100730491138
0.04013378240651689
-0.028479431314116663
0.12017190622194025
0.0896793335987832
0.04763815444585705
-0.29817427004418473
-0.09546356401723244
-0.011243673763116212
0.05830536012361155
0.04509842257516045
-0.01923441536759651
0.004230595240366182
0.0029502662488465822
0.1730294652321786
0.0416830922417118
-0.013898067236239486
0.04878778914677417
0.20697370028923875
0.0008561222394738617
-0.0018954638478440138
-0.0182815060949833
0.11703475533397402
0.07125915808711344
0.003973568047676375
-0.1548716691117299
0.037417709641012264
-0.16158760191513022
0.15199791748234565
-0.09059871186217776
0.058963223055459264
-0.0196041812224704
0.08303249154943501
0.16054945967597323
0.0928484020216125
-0.09750810622227221
-0.08166227985059617
0.01837366208507636
0.10694359058460579
